% 实验二 MATLAB矩阵操作
% A = [1 9 4 5; 0 6 3 9; 6 2 8 3];
B = ones(3,4);
C = zeros(5,6);

% 横向拼接
D = [1 2 3; 4 5 6];
E = [1 2 3 4 5 6 7 8; 9 10 11 12 13 14 15 16];
F = [D,E];

% 纵向拼接
G = [1 2 3; 4 5 6; 7 8 9; 10 11 12; 13 14 15; 16 17 18];
H = [D;G];

% OK